13996
4450
17216
16975
545
28982
15393
8260
26422
16347
21155
23654
22104
20237
5684
19632
16293
27988
12402
13023
23130
1624
14210
27191
27859
14578
8207
29858
29992
10970
3030
10382
13430
14151
20103
733
7050
10149
32158
13309
25785
24722
9782
14033
26379
6069
3255
31661
23086
13296
23028
11549
26445
12504
17975
32549
31435
12609
12234
3624
1467
27264
1951
30053
31054
30075
887
8391
30993
28071
11558
6876
544
12039
9641
14118
20537
22890
29098
22028
26155
7250
24661
4943
24090
9750
11057
13141
17462
29307
27699
2996
27883
26755
30293
19016
22866
15499
519
18493
19650
601
24762
25113
27507
2958
6253
13775
21775
28011
9285
18099
11154
10296
30544
22420
16317
5885
20880
25335
24442
17201
19420
24554
4343
18974
12388
13394
25438
1273
9179
22663
1921
30288
11388
16982
14978
28477
22434
2691
16509
28441
6842
23627
30475
5345
2201
8733
31189
11933
5674
25952
15120
27000
32281
28099
23731
3354
29352
20518
8612
18441
2493
9690
22230
7952
11764
3264
22588
9361
698
8004
24238
5840
1307
240
14989
12742
1654
21973
21129
17808
13127
16027
22089
12128
2520
24977
16022
3158
9666
12266
95
2458
12616
13039
13697
28275
480
27517
9998
22473
32281
18670
19854
16944
5407
29685
307
30160
30668
9308
24883
13281
16275
27122
20025
23436
2096
25100
23205
16987
16980
23527
18739
2412
20392
16340
19050
11871
13633
28074
22961
16858
3400
13614
13390
10152
14268
25715
26705
19481
11254
25109
31922
17386
4392
3534
30669
124
27618
3773
16520
18680
28801
29199
25706
6035
4331
32308
17313
15081
25841
11538
10564
23753
16347
28905
5287
14728
20728
7129
3715
2509
8260
10132
5547
21942
19688
25813
10256
22318
25015
28987
7380
30078
22539
26565
710
18482
27719
22868
23861
29088
29674
22323
29983
3991
15886
18138
17169
27894
15745
12226
10961
17503
24111
10397
2214
6923
17507
25207
6630
30513
25273
1715
10064
7878
6691
6712
2988
1635
31568
31407
21674
12658
22765
21432
2812
31097
6644
2151
18567
26844
3217
19396
21193
22958
24123
7179
17360
12593
15430
24513
11603
27947
17841
11742
26467
23119
13619
22729
19942
32366
3666
21911
26030
22209
27016
2294
6792
30624
32424
29565
26721
23451
16462
31553
5352
14615
13701
21611
3027
3563
31022
26161
22736
7404
4850
5197
4443
13429
8866
32349
12411
1439
26056
26221
23189
16099
1601
20660
32158
13831
18703
9245
11214
11870
16931
23526
11061
18650
9429
19543
15228
9382
26416
9483
6807
30795
9324
1654
21110
4970
22517
16435
8523
3127
3671
12320
19960
5965
32617
32057
227
23013
7539
15518
21345
17082
1725
5157
13662
56
12071
32662
2109
573
4823
12505
15862
6691
19698
29547
12851
2908
7401
10378
20695
1516
28359
2120
23829
13402
16018
7509
311
1854
8337
15320
3353
16167
28634
10695
32229
29954
31034
31901
25264
22704
24044
22840
17424
19659
25832
3822
23009
7753
7224
29772
27161
27658
20483
19289
392
13837
16379
15833
14238
9894
14752
5377
6834
26189
2664
27032
18637
17640
2150
6976
23128
145
32175
5437
13182
15094
18693
12128
2277
10731
22489
6991
9738
7830
16341
28475
25251
5847
20481
16220
30194
4409
23934
19315
2550
9414
29317
9317
7317
7173
27442
23839
15140
26524
24923
26148
31499
16430
14668
22147
25672
28330
12278
290
1380
5035
1655
15179
30262
200
30953
22533
2604
3142
5711
19055
3937
18687
9980
12306
16411
23687
31139
2579
3211
19117
28289
7757
10886
27171
17162
6508
15709
26647
23968
24142
9633
4078
3787
25746
419
16864
12692
3096
20367
31872
30471
3650
12573
9387
4932
5595
8873
21938
21135
27421
25065
23589
18577
29136
17708
7564
3917
12535
30638
26724
14781
31280
13050
5272
10445
28377
13986
29898
21376
20278
10356
3901
4710
7764
27803
30011
13649
9233
11155
3610
7172
4914
21593
18248
7535
9498
3581
9172
31178
31967
21094
21625
7011
12875
32349
21342
3620
8576
6828
12854
5993
15457
14810
27437
31837
26136
32641
12201
13275
13929
19222
14980
22082
16535
16745
8152
17026
3135
19700
21694
9447
4778
2823
21425
16925
14114
18766
23282
4654
20835
25866
16795
22611
27997
20585
20650
32150
10612
19570
2910
31213
32603
27936
2849
29548
2688
31488
1132
6488
8802
10744
13925
28826
19389
5752
24427
3526
4131
9076
13644
25305
28842
630
16801
28444
20146
24502
30715
18895
25130
23667
20028
25175
4295
7869
12342
460
18727
26421
7008
26263
7370
20339
21342
29636
8728
12683
16719
650
30579
29765
11990
4427
4514
17594
22856
19020
8032
3347
1316
10619
27344
10721
16161
12004
14106
20090
1980
8277
22672
30359
30452
16431
6093
18225
10575
17763
1231
31510
2951
7027
27379
19233
11764
6173
23674
3829
16048
13862
12902
26389
13185
8731
22248
14841
25899
10174
26091
31417
25883
11028
32592
14872
8795
10016
18082
28129
7738
14594
31327
7628
25815
2577
751
20712
20546
27658
22777
2052
4783
19302
18679
27989
6605
2228
2532
1879
8229
15049
7712
1242
23908
5795
27057
2146
31962
27571
31996
21662
6860
9328
22516
7245
19774
32070
12601
21693
6773
11083
28779
12832
9404
29667
30946
27210
24898
23711
8068
17013
18102
9892
2517
12677
18488
1294
31307
32477
32484
21048
13603
18506
7446
24307
28151
10279
24272
18085
19397
15126
24819
19146
18926
19356
10485
17076
24513
9811
13229
28288
12907
25058
5925
18801
14067
10706
15872
14167
31072
11358
613
4182
15259
28609
4072
29953
22119
19284
5715
18207
6941
14967
7007
19121
25100
8417
25771
26349
1117
4831
14713
30659
26259
32506
3294
30122
8844
18905
571
13073
27621
19426
13664
30218
17290
24206
29700
25306
30707
9796
25016
8339
27284
19039
31186
30249
8250
30789
21997
30321
8163
18985
1401
30620
27116
25301
21156
24398
11402
15018
16761
5824
29480
5219
3113
350
8144
18481
13053
10317
5604
19790
420
27633
17285
6762
28900
11016
26449
15328
7677
8626
31802
1294
1469
2406
9612
20886
11349
20033
26413
4224
5870
1619
621
30238
1080
16945
21743
15348
26266
18280
20009
10727
11806
1677
20966
31493
17792
32108
2085
29679
1767
27251
23610
2272
32722
23711
7419
28185
20532
12311
23215
20942
19280
6246
485
5006
3754
1256
29615
4322
746
4260
17115
27688
2704
16643
25229
20101
7717
16724
20365
32369
24274
24905
22469
32387
6630
8665
21308
23821
20635
15381
15936
11947
4942
16084
6124
15628
13453
29187
25401
1654
23595
16049
32490
29624
23236
12190
28845
7122
20733
15952
11912
2757
13081
20871
5453
6850
24466
3320
19119
23756
690
14934
12259
2147
23894
29605
3377
17974
22474
11098
25865
2501
1206
30309
12686
8189
20775
4949
1168
15261
1308
11671
20408
24264
30194
7779
17418
16718
3817
14650
22127
19390
17769
6933
16587
3123
4961
6127
4648
14557
26572
13689
20476
29746
9535
28925
20593
30437
25197
10653
15579
5170
12466
15914
22695
1125
21244
16895
13
29679
3361
11108
26463
19003
4816
18185
19946
142
14868
16123
5698
26602
1245
1844
9138
7847
10092
28920
27264
18232
22875
13842
398
16639
320
12132
10870
23585
22004
13433
8699
1594
29037
24642
14241
31592
1673
11652
31052
10053
31995
636
26894
15437
11101
7655
26105
30531
9929
6147
17702
5026
15996
1172
26980
24455
13587
10022
19943
20469
1693
3166
3869
28635
12449
23004
8340
3735
3324
14806
15665
5519
2767
27235
24712
19540
30133
5748
29956
12117
18689
15876
13340
27067
6315
17607
737
22462
8674
20557
11200
8386
19650
11542
12901
16905
113
7406
11089
6151
15096
18138
22943
29439
29882
1515
15001
17183
24811
7895
23231
2722
18007
11508
2072
6028
8065
4371
18052
17508
8975
29178
3865
32454
13651
472
23734
2621
30028
780
21212
14761
14253
29678
21167
9597
1228
15485
31902
8424
32072
11727
20386
18802
9148
17736
22569
2778
8966
16
25617
24992
32098
29931
4878
13618
17230
29893
25795
26819
263
14208
27952
8174
7795
21391
3802
20474
22327
14782
9318
20035
27378
2733
15754
1742
2959
30747
3067
21840
19516
7640
4287
16705
15348
26361
16054
22800
30972
18013
16515
4601
16344
7904
22466
23803
4215
5670
22690
19931
3861
21829
19246
28083
23771
30519
28021
26469
24952
11877
6819
7397
13455
28388
28877
17797
21940
21472
25782
11297
31068
13896
29249
14281
17020
4390
626
14784
7739
3463
26188
21424
3258
21314
19971
25767
14522
2681
24076
4355
10003
4433
13729
13510
225
30852
18784
27387
23944
24606
8162
32679
21518
9090
26433
4696
3874
23172
13989
14075
28114
14540
8787
14736
23761
22763
24158
15933
27209
295
21165
8180
30107
17286
14822
27904
16392
8635
9060
22400
25607
10841
31684
18782
25451
16747
7088
28791
26334
7332
385
3858
1196
24143
22020
30336
28674
13818
26261
3906
27212
31974
11637
12396
20127
32762
10937
8444
18394
26506
15422
17127
5065
19145
244
19300
16210
22728
25752
32719
12832
9309
12056
4130
19284
5528
30398
29057
593
29231
13114
18499
23666
30736
9253
7473
17424
11049
26271
30630
29490
5732
10573
17259
32199
16552
3775
21526
5424
8312
27688
21928
11129
15559
220
4386
5930
31460
24504
22974
31285
769
416
25152
11089
2426
20030
28673
29153
12738
3009
20614
19335
12632
15515
3481
4828
21282
10501
23397
3556
13004
13585
8331
17489
23447
17259
27091
21856
23724
23666
1325
7981
28093
23613
25988
6436
26078
30080
27662
12693
31209
21704
22036
22895
17143
15425
8856
20379
31571
12168
25681
17966
13995
17207
4288
25311
20103
13366
28543
9790
25480
8944
27727
31759
30244
26343
8527
8568
9814
7818
12175
1287
14862
10766
22254
27898
14553
26527
14517
15607
14332
17048
13784
10884
31608
13525
23693
30824
15850
2987
21986
14085
18717
21517
30399
18571
30865
5626
4398
3654
14059
16501
26248
8352
6337
22355
10880
681
25131
9699
12562
22389
28014
11166
27417
24929
25761
21864
22304
18737
19671
927
2083
2293
17306
200
27816
14889
130
31791
9827
27356
18884
11120
25963
11229
24130
5996
30155
4047
1585
7577
713
1872
20484
2662
11
7250
30774
27955
23780
9506
6406
2617
25540
13762
4842
25685
17609
13554
12969
11637
7525
6078
1059
24025
28731
21317
7977
3742
31678
19586
11331
6975
7641
27264
7973
21641
6131
5645
22519
25115
13023
904
4796
7107
25979
17462
3635
28293
2384
10095
9966
3041
6419
32465
6484
10513
19589
20945
13462
2620
8851
13844
9617
28655
23367
18673
32238
23519
26741
4633
22054
31770
27730
19675
2657
3606
25884
28549
17196
21425
25780
14108
20463
29477
19488
9717
7863
23305
26048
26218
31291
2540
7030
3239
20561
20856
24274
26651
6388
4896
22690
11265
10631
220
11165
3910
28691
8085
11059
23033
18147
14541
19972
2481
6044
11279
25625
24061
17699
21529
3957
2497
6927
10300
16810
20003
2264
17968
14531
13661
9988
14893
11968
3431
7407
23183
8085
9715
18889
30721
18865
14481
31082
23517
25296
31069
28777
12215
14243
22718
31225
4125
7046
11842
9163
11616
11857
7682
13588
21502
29416
9729
17198
13828
27068
27070
24870
13291
25625
19152
25406
20170
3230
12403
3723
27307
11910
6486
3682
30641
9656
29793
18352
4763
12250
20786
28674
24527
26852
6470
1965
10997
2974
31506
158
13688
3575
9976
12748
30204
6618
2640
14243
25642
15850
870
27084
29750
13578
21729
13750
6994
29939
19001
8007
9891
21198
28987
13378
30444
16983
11274
25674
30297
32252
31106
2445
22317
3331
7638
1299
19353
22451
19416
11545
28617
21479
15690
7996
23397
31281
18832
22292
14442
4366
21764
11380
8953
20443
1753
25244
6490
15698
31530
11275
23236
12211
13215
21816
10641
3545
28844
27777
23212
32133
30862
29137
9828
18958
11444
62
13011
4840
32439
24208
2509
9907
1470
21845
3957
1050
30922
14205
11479
6715
15807
2476
19983
4826
27289
11544
9786
31695
4444
769
4867
17
4443
10585
12614
18631
16061
4014
10447
930
13733
13595
12122
6847
4404
6076
4308
11113
14332
21116
4460
8355
32450
7609
9555
8404
32557
14724
20941
10053
19416
2979
12441
22352
3466
9356
8462
20230
26683
16419
25013
25570
20904
8970
17372
31189
17608
23259
2325
423
11948
29329
26665
31581
29292
27705
12341
12743
10911
1743
7908
11619
25071
22831
30727
23184
32697
7900
17381
16646
10257
12876
29965
23668
6771
9658
11127
26241
27553
21230
25328
16805
25025
5627
14630
11066
10676
6068
22316
16628
7423
23119
18984
10900
3812
16051
2284
2487
30170
27813
851
29842
22519
19847
31247
3809
5878
16843
9055
42
27372
23553
26451
8451
29320
29811
29881
20364
16627
18243
14371
11949
4491
27217
17195
29405
15587
12311
31502
4954
7168
359
28027
19658
10299
28600
22539
26153
16676
18044
11026
267
21031
7863
9539
12210
30436
14760
8627
11837
30540
28998
23678
5403
31320
58
8307
32763
24152
4484
12857
4354
29519
1692
8833
4109
25973
14566
19324
5912
25174
14097
5333
22140
11580
26154
7541
13616
4750
29854
26430
13886
22536
4935
16027
2434
29400
5800
17809
28763
15715
22486
23833
14029
30238
27729
5146
22156
17528
16648
13456
5673
9636
896
6992
21750
6746
17720
4059
17121
25848
3302
5263
26427
9188
6577
441
27286
18868
30498
12517
16978
25774
8510
15867
21958
28500
8146
19088
23792
25935
29464
30547
11840
7525
32170
27546
26720
9717
21425
9762
14705
24918
5036
13773
29058
25762
4657
8589
31036
1038
26591
9439
22618
11806
1072
2592
32012
21954
3815
3309
27309
8334
420
29838
20347
21513
26687
19715
20880
145
25952
17467
12935
25357
16588
17840
18970
11600
7809
27031
91
3935
31311
371
18924
17464
28062
23141
23727
8995
27877
24128
4868
5773
16425
28982
25794
17341
953
1275
14333
27401
19699
3900
21968
7410
3454
4320
8268
9407
7313
13392
13440
23845
19786
26639
30760
15477
29818
19704
27859
13512
26720
7928
29972
14404
14640
21084
15579
6227
14669
10983
25880
18616
32083
12663
19722
9379
31850
24610
10566
32378
20271
28520
16489
26573
5832
17955
20668
8898
7482
7505
19912
9609
25608
28504
20712
29155
9979
28002
992
2509
20022
25025
32275
26978
27496
15565
27070
3142
31977
27378
459
28578
19319
10560
27057
4738
14019
24392
18132
11126
7532
25054
31878
28504
17844
1120
4123
7497
20546
22117
18288
22886
3033
2862
17003
11833
31838
16729
5500
23854
7261
25920
7725
29241
16303
21368
16089
19776
23434
7273
28785
21062
8783
5133
11044
4447
12336
15748
24883
11791
12899
16921
10240
28519
4262
15854
5997
15912
29070
31274
9246
32634
25982
30803
18119
21480
22848
19504
13571
11090
21007
1644
16483
30354
16586
18373
6544
1777
4171
23349
11985
30840
13522
6821
7318
207
27995
5864
8251
17079
8006
31353
17709
16803
29487
26866
8672
9439
22110
25688
5851
16161
18515
29879
30180
8847
4824
20569
9673
31023
15682
5544
29718
8703
2958
24717
8048
3885
11633
9080
24363
11460
10561
16649
1831
13483
29755
2016
19987
3178
21565
16573
22222
15539
15306
27044
19847
14
25052
24381
29851
15944
4223
17645
24926
14224
6519
10001
5734
23999
20947
20830
13156
9210
15119
982
2685
14115
9580
8776
27179
26500
13130
29639
22207
28163
10787
10336
29972
8400
512
5480
564
18882
12916
31905
29095
18349
28958
7187
17865
18235
19802
5266
16752
23261
12989
23808
21613
1534
4653
516
5962
21577
9789
7830
23292
10888
6831
11433
26666
19749
3696
14469
24209
12290
9343
19250
1355
12975
11612
8925
415
12928
10704
20812
4437
15044
24974
29918
21213
19900
19129
32505
14853
15764
6506
9625
3321
1191
5213
4031
8049
31139
4550
31651
13445
19319
18119
1099
12028
19631
19382
19474
873
14623
23116
32133
32018
28231
18636
5681
2095
2291
15539
15396
8459
10956
29620
27242
1201
16965
4122
30163
15895
4487
25823
17358
16684
1539
23480
18186
11572
24485
28717
27326
15097
32463
28667
32417
8968
9602
21040
8142
13920
687
29995
31952
2307
24627
4032
11044
5902
27964
17721
19624
26670
32343
16206
28501
28752
16785
28119
28539
7010
2749
11442
10839
25188
15732
26996
28922
29112
4339
1234
21013
10995
31519
31160
16159
23681
24995
20690
22072
15564
16004
32022
3113
5408
1382
11316
17049
31195
27106
9068
17897
29134
24141
15854
8303
4648
17518
22208
12858
21560
25266
20077
3504
15707
25050
21883
20434
5777
10310
19156
26448
4612
26092
17670
26742
27122
20194
8752
8267
18278
8815
19450
15517
13466
17987
3327
31676
8999
11684
3629
19457
13090
10388
19001
12821
13031
3749
6759
32180
392
19424
10277
28061
1472
22995
29950
4100
20780
20645
7714
6053
3056
25569
9443
32163
9304
11012
23012
21061
22744
7457
9423
13246
16037
25085
28953
27932
7524
20216
11081
948
25536
7924
24065
16745
5260
14124
21157
10517
23312
17154
23520
29048
19230
27987
14575
5017
18882
11190
28046
13753
9936
29261
27622
32177
15592
20277
20061
30335
18255
27217
2976
30023
22748
32040
7034
5834
28739
1167
30978
15958
13930
11517
21141
32179
12518
27956
4261
6223
17841
7829
6513
31010
23195
10795
12655
10555
1003
65
1778
11586
4184
22730
26533
12365
13535
16987
12439
23262
27002
7025
14601
19900
19968
12570
26014
6040
13531
23861
1027
9230
26769
14358
2111
15751
1883
2813
11036
25186
18145
7275
29592
10057
19844
23417
5185
27344
11912
3001
29040
15873
23548
15368
20765
32175
7222
25354
23530
10379
29404
26426
23297
29684
14321
27035
980
3841
18247
11729
7142
26499
772
16159
10619
29018
28650
10785
31973
26288
24895
3953
6639
15058
21857
1552
23989
29385
6827
8743
29335
20631
6805
21103
16179
25117
4995
19974
4830
21423
12484
24398
18091
20366
15608
2177
4360
23253
8317
6450
22783
923
1639
9533
29559
13679
18336
2386
15047
444
9149
30014
30435
30604
22611
22912
7663
32003
31097
18007
20859
6359
2137
17932
29243
7889
28675
1285
12976
29174
7968
12332
22048
9588
13046
27683
15488
11096
18085
20861
9152
24661
18325
20085
13426
27874
15759
5635
17251
14208
22673
17829
3353
11136
3357
11468
8780
685
31714
31397
14590
29406
1938
12657
19088
1961
15844
6532
32257
9362
5966
9617
12590
25207
4735
28407
27785
20574
5152
4326
17841
12929
2974
21934
28935
15450
27117
29438
20095
5558
9564
1946
24939
3326
11314
18641
18376
21830
15514
22838
3789
24836
9651
19196
6552
3426
27082
2953
29470
23180
19946
27264
21277
27554
32480
30838
21349
12093
2363
17338
1438
2763
28856
27993
19434
15221
21705
5050
17504
15555
26210
25102
12132
2921
23135
22431
17993
4749
13391
24191
11145
21054
5170
13243
1479
5791
24387
30574
31520
17877
28371
12146
15023
26833
13485
31849
10107
19578
32635
1192
26789
30255
11266
672
32034
28773
15141
6346
15623
15914
30502
5772
980
9314
31715
7940
6152
21621
8830
18559
10935
3563
813
13565
28815
3133
20718
4991
19458
26241
31766
9424
11337
9827
32714
26061
6597
12109
14698
14768
2823
14443
21735
19236
24253
6161
13635
30810
1808
868
17869
25473
18229
8538
27019
30729
18641
12751
12610
8870
6760
28386
29104
12153
22552
27305
20181
23213
22675
22101
12063
30400
28125
32361
32151
25196
24793
3167
315
28490
13258
12227
29544
20668
4648
21207
27814
25394
11145
20571
11161
27647
31074
14524
7377
9862
32139
24613
29636
27943
28771
9181
9099
8200
11576
4981
16140
22324
29058
12443
15205
12730
1155
22927
23863
30534
16169
24342
29090
4316
1599
26962
17849
15206
26032
25191
6295
14809
1168
22527
29493
30204
18251
20796
22678
4998
26398
500
25242
6929
9808
10908
2420
30805
16442
25257
8655
16470
32210
2436
4659
29261
22351
11609
25036
17170
3749
14373
19729
14588
27279
7814
6308
29284
18118
19100
872
18934
4618
8470
22932
15602
20921
1825
18222
21674
517
22801
9768
19287
24510
22114
31900
3635
30388
24133
19777
15588
26251
3030
11314
17125
5651
1270
27891
1395
2190
23733
6686
30935
5405
19899
2481
2782
18945
24547
2640
11114
5015
27996
31247
19628
27026
16944
6306
22373
29321
18738
7194
9768
18241
15349
2358
1865
620
7562
30657
28577
32252
1907
18169
22437
22181
7273
2480
8634
25118
22326
17651
22552
27975
6311
11453
22483
8602
9488
26485
1735
10152
13074
15609
15473
18945
10222
16752
32162
13610
303
3683
24045
3950
22910
5962
20979
26728
22235
1836
32264
1100
24083
1933
27593
9121
28892
16340
7399
23990
716
27522
20247
13684
29946
8856
21372
4792
10471
7156
29172
593
20802
530
10774
26532
30947
17427
31641
19865
7305
10342
32390
23680
194
214
11459
26105
5478
2989
18065
6385
10638
32750
6058
24671
21675
29873
14150
5653
29269
503
9046
969
23543
31099
7478
30666
16698
29865
15015
30745
23418
20611
7440
9518
8945
14217
17574
19445
7153
11482
18470
684
7431
25446
30569
25397
28252
11793
31944
1267
19207
2088
18225
8809
29635
22771
5094
32363
22297
30585
19771
13214
27125
10180
30643
9612
12912
10170
26853
17658
8665
28252
7999
13089
28848
22677
29607
30502
14153
26751
7268
3697
19936
32535
4094
8103
21371
1056
11145
2335
6306
23938
9022
25044
32288
5841
6806
14437
4808
25067
21154
19446
12303
24927
28644
5707
23779
22806
20835
1882
26651
30406
2624
14380
6595
10036
3908
5847
8362
9247
17207
8081
7088
531
27635
16335
23106
18594
22351
20972
2528
30104
31853
7789
19104
32673
16530
21985
29342
5604
30319
9722
7202
13391
31631
8236
24671
19599
32169
1676
30836
19978
10544
13200
30829
4416
22130
12956
24278
463
511
20737
15908
2924
9978
3078
4447
10044
10551
5945
25545
21337
10978
521
29260
9699
30720
31964
646
1401
2857
21493
21443
24390
5388
3851
15957
28757
31713
16280
26830
32312
15350
29121
26684
31716
4061
12891
18906
12197
21777
6888
16272
13753
14316
9677
2315
26507
2448
124
1316
18920
19042
16904
17672
16680
30159
13117
7617
13040
25108
16555
30077
614
8211
1830
6170
31997
7214
24340
23149
26803
32161
5633
21558
25050
28838
30422
6312
29695
7605
32122
32464
19903
1894
22526
13240
6170
1549
27785
14331
24191
5402
8138
21083
10171
10524
7950
10525
26027
5138
29565
15968
19637
15808
22288
9784
30318
30521
7198
18110
9994
15453
23223
32074
22495
19942
29127
6036
20980
13735
13955
878
1234
5980
15036
20391
13813
4749
3809
31468
29585
20938
27615
6983
8851
2472
16821
2217
25897
2367
22172
20262
30079
3305
19200
11041
11996
3411
1638
15098
9642
3084
5378
27972
26261
27852
2034
29763
8168
23531
20879
23333
2175
4608
1979
23623
2191
4776
29772
18267
27869
23636
22439
18960
15721
29441
3181
2509
9271
27235
25083
21903
25208
30306
24997
25094
18017
14549
32454
14983
11574
3079
25147
21043
16934
1446
5003
12445
20817
30778
21658
29572
2447
23159
1624
19654
11468
15284
26844
3893
10666
13841
23015
3624
12960
17674
28564
3153
19613
8702
1128
31756
16070
24005
32612
18527
32311
9576
6025
19821
50
11037
10105
10498
1778
20536
21790
18475
7886
13800
28498
10763
2601
15570
22001
1749
18270
15300
4636
4627
26245
20535
2357
18054
24858
4087
16312
4392
12048
28147
11300
18631
14898
23926
13248
16668
27933
21428
2283
7744
6701
9432
10914
10004
27542
29310
24283
19474
32735
10769
29001
6349
3675
20377
7175
23190
2354
32631
13463
26659
31611
2863
28298
26590
27932
9731
12061
18558
8345
23220
5461
16590
15173
27093
17324
9750
12433
11052
32176
22992
13990
5117
2926
11569
8641
20498
10941
13465
29337
23696
19274
3568
9854
24061
21714
414
28760
23025
7054
11120
1426
30030
4378
3287
18087
13095
29435
23444
11816
2980
24275
7546
71
25512
24146
1675
19465
11655
17609
10310
18819
23049
25039
6970
13683
21818
30048
7547
10257
6437
28477
23496
1414
32003
1817
15187
28474
27389
22926
12851
22911
26244
10034
28265
794
31228
12186
18253
24612
7053
975
17700
30327
12879
11835
24429
11850
22575
14056
27667
4333
4868
2365
11929
29155
10713
1725
2015
26737
10660
32341
17451
12334
20540
22829
21039
20536
17588
23323
29959
26696
2517
11111
12926
10269
14343
29962
869
12711
8755
25588
32520
2560
9920
14395
21083
3774
7949
13876
24651
14691
14381
13806
29026
7528
16477
19804
32001
10671
18505
22041
23300
5071
14682
25845
21825
30027
24577
14926
12330
27963
23191
14865
22027
11459
22423
13634
11613
26020
6229
9493
15919
12007
24111
13310
6728
4330
11177
15476
11787
10190
32623
5906
15851
14435
8348
4594
26076
10505
27128
17837
3445
19813
31316
28745
4491
4413
1012
22130
31150
14694
31578
30428
15425
1145
17816
13849
22256
17643
28949
29149
13789
1525
13973
15500
19543
13272
25708
9606
8111
23805
16389
12491
32491
9567
12438
31123
28641
27049
11298
8297
9608
13451
14830
30061
1274
210
10266
30385
5687
8002
19060
14827
13422
24833
20273
17392
6158
26557
29842
18956
9264
2767
17977
32012
24018
24004
6967
1627
31623
6434
17225
4069
20775
7303
865
29497
20104
929
25962
13824
6032
15113
8965
17211
9212
12619
29784
5101
2334
22227
4743
10398
16246
1255
31728
29292
16259
27693
23703
25480
21344
3042
24686
1075
22878
19457
322
14587
8444
18912
16883
25998
32635
11285
28895
1231
29351
22067
25338
15076
7195
30855
3924
11810
3946
10166
23562
14001
29756
11134
5667
4359
1516
32091
10948
1686
4731
27867
24320
21292
18835
1803
1744
6818
18345
29902
14887
351
21005
6031
172
20282
14679
13341
9841
29781
7938
1805
16749
2204
23569
8491
10987
23853
3674
3392
11132
6934
7044
9468
17203
52
2478
19894
7156
2798
12671
20680
20402
24537
22320
26665
10095
16525
14248
10264
29006
25740
20969
28113
31525
25395
23598
3367
17532
29299
4107
3321
23321
31838
20128
14358
25077
23324
18194
3338
12277
16110
12038
31980
5130
17706
186
2052
5564
12605
29473
11833
17804
7754
13835
18289
2205
15352
25106
22925
22316
16976
23701
2031
31705
9758
7993
10793
9474
28872
9797
8556
28639
17389
19712
5017
24797
28376
20507
26511
32154
17358
25752
31460
13420
16593
30708
23138
9172
4345
755
28249
24291
16822
17904
22732
30756
12711
30301
6994
23788
12548
17678
21664
5216
23286
31098
37
7714
28362
23566
22416
20267
21891
22623
24986
7910
18897
1587
8056
14715
31965
18664
16159
21309
1253
9247
5239
12387
3799
26691
19542
22062
4355
31166
30109
17123
1153
24793
26849
24815
17318
29133
31545
12995
29066
21096
28011
20127
22278
30719
11682
15902
24624
6558
9559
15928
8778
27105
20990
7667
32745
14531
14202
23528
856
21573
23292
360
30297
31864
30560
27649
24360
814
31059
28217
15345
29808
13179
3725
32649
13269
5611
11684
9097
16567
30388
18757
10107
15629
18909
7393
17131
12235
26551
20562
26827
2360
1994
940
16498
9216
19316
31913
23145
30344
14129
13374
31161
6907
11248
16516
15485
27229
12304
11094
27368
17614
22921
1054
8795
18010
3631
3236
6402
30515
25877
26268
23478
15230
4563
30338
29917
11723
14617
22139
648
32766
18130
14865
30850
25420
17360
26713
22231
28374
23366
31176
32747
17721
24291
13338
24153
18056
20814
9101
19108
5222
905
26888
21994
5535
13342
28749
10535
25502
25820
31861
4817
11989
20760
17649
18673
3402
6293
8050
8123
32597
20116
1318
19548
22773
31199
28730
17178
7325
21113
11587
24068
11289
29910
11687
32376
9829
30700
26439
12831
22720
29349
1190
22168
29413
29107
31428
10135
19640
25572
27123
5717
22075
25541
30928
24941
32168
24334
23640
21230
10930
23538
18668
20841
27139
17402
4815
11870
20389
32076
21394
20696
17133
12623
22060
2018
13140
28977
6529
6288
17314
3837
11814
1310
14811
9202
2834
6410
7879
24868
19767
12990
5611
16553
25743
6024
10401
7339
22496
23366
5946
868
17591
30386
31750
5457
7843
4853
15677
4654
21920
6364
23693
25562
15068
27052
20608
18969
24499
11409
9915
2746
32060
3033
7526
17484
1439
17179
28926
30824
7678
12336
26089
20515
28759
2761
24803
6056
26324
10262
2409
28507
1847
26021
4558
9792
22150
11931
835
31431
24294
29818
15227
15187
1790
22984
6276
10656
4413
27085
15950
19886
353
15618
11212
7533
7697
15504
15090
6781
20178
1318
9205
21117
20771
1911
16016
12472
9434
1990
1021
8039
29179
25394
10638
31856
25418
15347
8709
7137
11766
7275
1628
21868
28551
17198
18102
1141
24393
20384
16528
31320
20645
24075
25213
22623
27005
23162
22996
17769
6211
3139
10181
19420
29965
18113
31674
4190
17009
17357
31651
20135
28977
8959
12481
4365
12073
26127
15051
5004
27694
24269
15601
17666
23253
5536
30559
21849
28993
8352
3816
26126
15969
31085
6480
4789
32173
3996
1657
8005
12936
13672
7464
28114
6759
4869
28607
11889
15439
2543
1917
23498
26131
6359
970
25796
12353
15249
23548
11042
8156
22877
2816
21439
31831
29795
27652
15485
3778
4697
15726
19480
31826
15950
5344
13879
12716
16506
23895
19404
29565
26033
2059
23741
10548
26685
13645
9552
20422
29449
6458
25482
7965
28697
17633
26784
1061
25693
25263
10919
25663
3239
26420
24536
9830
4399
26059
16089
15524
22515
17371
20
27171
23126
3600
2660
23659
7653
20730
10372
4045
5029
2261
11587
17773
15940
2258
28570
4937
16673
4348
23418
23026
25784
2300
30232
31791
8390
18531
13385
19836
20709
2504
1682
4792
15201
5564
17014
29572
15106
9190
31872
3659
6817
2389
29309
6631
23488
30443
32159
32221
459
32250
22431
18614
28213
7876
1557
7704
5919
4813
9613
32124
30724
31778
15693
12811
10282
13217
27337
21411
15453
14013
30497
28736
21225
2829
15860
2619
22011
5726
15275
30934
28275
5552
32752
13119
16128
14983
15980
29923
2191
8239
15005
25000
12425
9032
31049
31563
7426
15589
1944
21483
17054
27824
22819
23635
29494
15350
24070
5819
10521
314
17782
5760
27149
13893
15319
23593
11347
17414
14183
5667
28902
20624
23484
13906
6755
4039
4247
18046
20121
31904
4698
12130
4896
27272
13038
31756
8191
24910
1446
12278
27648
21203
30350
6617
11031
20852
24283
10814
31715
17593
8850
21108
28195
30316
31375
28446
16146
4282
23592
3730
15221
22543
29100
3171
28989
11483
3464
2130
30808
31699
10690
14758
2563
5651
22457
32744
5670
26307
18158
21760
18033
21985
20299
4870
9227
9603
27754
29745
5640
15775
24957
10702
22887
14086
3373
19564
8668
5702
6998
22830
14402
17632
6077
13379
22910
14484
21002
19023
20396
29862
32715
10688
13419
2574
22512
1717
2876
15634
1869
8593
31434
4389
14045
10475
2669
10787
3586
27528
23733
11277
24036
374
11860
22112
29238
25260
25732
27683
6927
19898
14623
29335
16676
29326
6880
3562
16243
26273
5950
1752
29596
13649
4671
4969
4453
12268
22545
5114
19206
17949
30392
32374
12925
485
8883
18721
17170
10414
31923
943
9944
30154
25190
27362
29780
25796
10373
28249
22608
3255
24676
3744
27998
4581
4059
4766
27012
1926
7597
6949
23024
25536
880
1607
26570
10966
32075
30527
7883
22675
21224
12366
63
26745
12808
30205
27174
11811
7329
13933
29781
15767
20994
20657
24198
1229
21140
16821
3605
22047
13377
29201
31281
30312
23145
19719
22580
30279
20229
4305
21142
13059
14040
29543
3739
15204
29343
26617
11219
2070
8510
5226
5481
26376
28004
2288
3586
29830
26282
30289
31230
23870
12992
2897
13715
5679
12871
10157
1672
27692
28484
30384
22510
4761
10878
26143
22025
13381
23388
15556
9584
4884
14288
29635
22094
20729
22229
30370
11873
3709
3649
8756
19974
15614
2649
3146
29489
15728
9609
26101
22463
29672
13608
9279
22745
14746
28003
7166
7977
2489
4639
31277
30232
18985
5887
30310
20691
30765
11237
32690
9811
27486
14533
24923
16433
10153
5629
25580
14841
19971
26690
32087
8552
28679
3112
18296
16250
10878
28815
29534
17990
15472
10192
6236
6973
5564
4426
12129
18801
14376
3042
16384
756
32712
20655
26266
16952
12335
1553
369
27842
21306
10388
23022
29615
9474
24526
32654
8589
22005
6276
22324
27556
11715
4931
14766
7072
29904
10782
28107
29238
1660
28397
15344
18929
14342
19015
19632
29031
23055
22181
5160
2384
10486
1009
4801
3146
32557
10800
3634
17870
8045
24647
9966
29475
15585
1655
14973
1166
24373
23962
26543
26782
7372
22550
24508
22687
27889
5714
14695
21963
22488
17748
26327
29523
30599
1813
5260
15734
23035
17117
1123
9887
25607
10704
28091
27379
10361
17896
16746
26341
31744
5202
26884
23302
6146
27271
8031
14114
17853
22907
22882
24860
6670
14934
10004
14869
22662
32534
15753
7878
738
2662
24119
10541
29590
22833
23228
8432
17886
16294
20287
25414
21827
20066
21909
31065
1633
29796
6098
7387
15375
17618
25982
748
2988
6692
24806
24243
25670
768
11499
10710
20289
32598
13499
11243
30739
20476
27054
26276
26374
3123
17587
25962
19394
25894
30868
25510
20688
13690
1738
26673
14278
26111
6322
10161
12836
9775
2117
15314
8031
22207
15821
11017
10502
9646
29445
1399
7837
342
26061
5502
23042
453
479
5572
15894
25650
27351
4735
1617
28254
1059
27301
13224
8655
31376
24525
12757
20963
17086
29614
28496
14895
10056
2414
28849
6492
4486
12157
24558
17889
4023
580
33
9781
12045
16109
3762
8242
25323
29510
19888
8182
1312
13771
145
26914
30517
21964
5587
30020
28191
1418
25413
9147
28114
17009
14775
29705
22652
3673
14365
11066
19074
30022
32759
27546
26895
13105
7978
15507
12921
24493
12427
14505
6712
1666
27560
2043
5190
23382
14179
4348
14011
20760
22034
28378
31287
3582
18528
14745
14998
6571
287
27691
19022
31853
12589
23177
13681
16961
265
12239
24647
29984
12020
26261
26233
13138
8542
28629
9601
29816
20490
1170
12577
15557
29665
31210
19647
19191
31039
26010
13532
2318
10119
12158
15550
4175
22579
18890
9412
6889
29824
8882
29128
24388
2942
8821
1748
8258
3281
18156
32159
1154
7900
13208
32557
11391
25538
6331
19643
21286
4234
4888
17804
3655
6071
15528
30176
25642
11812
27281
2134
95
15121
30532
21466
26530
23346
29672
20337
18732
8735
16783
19705
8842
19664
4207
17061
13983
8195
857
1586
918
11725
6965
31472
32198
11772
21150
14435
9929
2315
3362
29447
11072
14015
4430
26399
26805
8485
14004
11030
30548
26621
17747
1642
19649
12711
7478
3844
11296
12334
23599
22263
16461
13287
12595
14973
2047
10258
23735
11664
26452
29880
6303
9519
23492
21359
24151
19820
12265
12200
2472
8657
31352
11852
10527
20642
23250
12901
15702
7299
6313
23853
1381
24939
31501
16498
22202
4487
26378
29964
4190
21251
18328
30958
2084
14835
16882
20971
19406
31748
13826
24058
28106
16543
21858
29227
12106
17494
17041
25484
14349
11642
17559
18254
269
20519
30520
18774
30394
28154
30079
15993
9387
5067
20405
7550
27419
31002
14656
19808
5258
7715
13337
967
15816
28483
20861
5332
16294
26803
630
27582
14863
24620
15794
13320
5993
14040
27434
28623
12722
25932
15256
16315
11679
32497
11241
32495
13692
8259
17521
30366
14933
21839
2504
22085
1697
31237
11590
4812
25733
6711
26808
22822
29284
21475
13518
29500
10095
2100
14229
16838
26715
20592
6085
19605
26927
11540
8020
3634
11931
3061
14553
28979
2485
26830
19375
10086
29145
4120
19338
5430
10546
19793
20435
31157
7042
18891
1139
16906
17369
13231
673
24743
12062
10393
10891
23108
25135
17406
10243
1706
13609
19603
4666
19958
6278
11867
3354
32706
28749
2268
25861
19858
27655
30405
14269
6468
436
4244
6980
12651
12397
29850
19574
10864
22420
25143
18076
30541
9309
9219
25950
18717
21746
12811
10561
16924
30567
21783
4009
21471
3776
15787
23666
1055
24060
6715
24970
25861
20723
8449
2406
17860
5104
4087
23492
21822
9643
7473
22821
18021
16899
7431
32325
5603
12341
7690
25411
3838
30029
25378
27237
26992
30968
6873
22230
15832
32410
27156
5679
3009
24944
24155
17595
7851
13560
16127
1470
20647
10261
10904
6977
9157
30641
10433
15359
1447
28025
21580
2644
13771
23220
2870
10385
2335
5479
30008
23428
32557
13412
22667
20642
4537
14868
6045
62
1110
167
12104
20341
15733
9252
29243
8867
22667
22070
4792
13020
18758
27904
17752
26490
8242
29663
1511
15447
14566
19424
2803
6144
30403
11261
13529
18339
17000
3862
4642
18359
30317
12785
26318
12366
4737
7338
1752
9145
1473
3623
21588
13551
25072
6354
11454
16817
29913
4875
1209
27167
15686
32111
17757
5170
1769
1458
12931
24161
30370
23853
25213
15021
21282
9775
30669
23693
19083
18095
23721
6858
26638
13130
29723
26939
22872
25115
2067
24028
22511
22389
31996
19545
11958
24993
17377
7457
3126
20493
11676
2300
10382
17320
3149
25319
29302
18991
8824
16129
6924
20559
15189
5652
7985
9820
10602
9148
25138
28485
27996
30029
21724
30929
15411
501
13359
12643
9357
28912
18748
17639
23633
5099
26372
743
20485
9990
9766
12337
16080
2576
27118
14709
23533
30696
27029
27569
29895
4119
10870
30129
32431
14265
5971
4504
27811
4667
11361
29202
22118
26038
12314
7162
3879
4800
21327
17000
25090
15314
11246
16511
32622
16896
18279
31056
19754
20052
7196
12645
32566
1709
27977
12296
5119
31522
11226
9160
31125
391
7734
18291
28002
28004
3458
10367
24164
20402
30843
2092
12879
1841
23525
13836
3057
16047
159
26331
25904
29204
12514
26666
21984
10915
25767
13633
29779
9682
17506
21905
25718
8790
3587
6781
13977
19269
16378
30897
28012
27661
32670
3625
19009
3971
10959
9073
32092
28046
22144
11508
1793
10942
21586
1290
31644
24399
6011
21082
13175
29948
30583
30416
9698
17520
28084
25212
25530
2957
1493
10323
8395
14999
13397
607
1190
407
3437
6616
27749
2648
21979
26024
21784
17639
29120
17633
24127
9860
23362
5099
28332
11993
23482
25160
7799
28887
1728
21026
22610
10049
27019
27397
29262
2490
17027
20457
30359
24796
14271
10176
902
4630
13016
15354
19670
6810
18436
22847
28143
13707
22954
20516
18976
9505
20956
5294
19653
24550
16196
26184
22152
18992
29370
16731
25430
30280
18940
28466
5770
28430
15591
8711
21384
12863
26611
20528
22557
11311
30542
24503
12096
12611
24803
32486
27752
17290
17547
17292
15731
2832
32690
15996
24282
3613
21295
21321
9557
19847
30291
211
26017
19124
6082
5221
17927
8809
24537
19404
31655
18493
24085
26404
10137
29288
24116
22322
17378
25442
31851
32186
31088
18656
4703
26691
18270
16676
27581
31581
15037
30242
25820
30977
28436
18020
4102
20404
1196
32377
27009
12787
9705
14635
23104
17486
15108
15276
19833
3146
32646
31890
10026
22838
3793
23954
20598
15256
6274
12745
17437
8948
2909
23848
11837
20424
3729
11779
25990
29052
23552
15877
26980
17424
10033
12646
23438
26570
9358
12073
1372
31552
25368
32524
14899
6521
10061
26251
24486
19925
1267
16092
8985
7154
1497
12477
32692
23085
26802
8750
7168
6673
1723
3006
11903
17585
822
30883
26231
15387
19864
2042
20777
30960
12692
16094
2890
26411
25468
9429
14884
18175
22716
19395
14465
30746
6100
32490
29952
6849
9910
13471
22682
3913
24608
32415
8612
24274
29592
17655
22139
1098
19192
4240
15313
28916
20028
32736
28346
15893
12535
32513
16001
22335
4775
15058
31834
8584
1506
24997
14817
14288
2357
16505
28696
57
28674
20370
6465
18624
31633
19018
3456
7442
18716
32280
30579
19178
2995
15748
22425
10062
13285
14338
22053
23220
3714
6809
25178
19163
8282
10147
26785
18124
8396
23078
7988
27951
29210
25516
31986
8141
3998
31309
9865
8525
27484
14405
455
24249
28884
17038
7501
29454
19518
13980
3846
9798
25523
22188
29164
26595
3246
17512
14151
22060
13692
4346
26024
13497
9480
25215
20810
31500
9558
19901
22246
14391
18650
32686
12649
2810
25806
19673
31752
16748
18445
29427
974
2824
2494
16591
11805
19068
20776
28376
28870
8399
8874
3622
10666
7181
17513
9332
25982
1359
9262
9846
26312
8474
4103
1201
23849
23972
4029
3712
4664
28560
8332
30049
1369
26495
4399
262
22547
27079
26138
4706
10201
16445
8151
12654
1117
10108
31803
8872
32325
6904
13262
29795
19343
25552
8469
11066
11606
17557
25321
31090
20933
10107
9970
30563
9273
16068
26173
1242
16186
10190
1253
6315
9448
17773
12090
22503
7733
26613
22039
18196
18841
30910
17950
10807
18233
17381
15276
20911
31108
26393
22273
17257
32192
27665
32749
23311
32106
1661
16252
2605
18994
25822
1891
6622
32072
19982
9744
15948
12856
6147
3575
8611
6992
27349
26454
5261
29980
11929
29059
4318
14950
17247
18383
14240
12854
20879
10471
1694
8746
12463
27711
19883
23498
26424
26373
6478
30855
12959
5689
19160
20876
1418
30196
6416
12649
13983
16199
1882
32090
19049
31384
16084
4222
32529
27574
17739
25341
8164
27433
951
10793
7259
21551
12458
14459
27217
5283
7543
3922
32584
32398
30634
2963
3362
29355
32253
13428
693
309
32530
10580
1182
25884
14510
24630
18078
29576
5035
4644
17568
16500
18789
11363
21528
12598
8656
12252
13999
27422
12062
6740
10273
19535
12407
6435
26249
26457
20634
21704
18766
28016
2180
19624
18137
10820
7822
6683
3707
2728
17780
171
32264
1545
2771
25881
1924
5318
32600
5508
24083
32462
21257
19645
10640
31897
30510
2610
6938
8571
22400
27130
30421
25354
28582
15716
18565
24753
22701
5993
5536
25595
16050
20728
5383
11175
13249
27679
5384
1875
9692
17436
25534
1781
1047
17626
348
25859
27662
14074
9286
19563
16496
21308
20263
26411
31351
20744
9329
17368
27554
9721
19592
13632
18560
29880
2236
3315
26755
15097
1594
29890
8083
18937
14236
1143
20115
13698
6909
10363
26476
11424
1637
4244
7224
19990
23416
17887
25945
25582
15423
1524
7924
24893
12389
25091
28539
15855
18321
21809
8406
27694
30951
9784
18645
15167
26903
8432
8949
21902
9334
24110
25998
10573
8449
28521
30431
23962
29678
19782
32402
25190
24965
999
28753
30731
16005
13813
7607
12057
22704
15593
12956
19031
20298
18845
6307
17532
31632
23744
27622
1702
18192
15925
13207
13029
8887
14958
26878
16561
25670
28504
10369
27499
32319
1182
32598
7656
8343
15427
9228
23728
26766
29272
5333
25169
26695
16286
29104
12996
1735
16646
6517
29960
13462
10162
26099
25396
6352
18315
9921
4981
12948
27035
4395
30719
23217
21640
20055
29725
18473
20100
6344
4114
11633
30027
25304
7655
24962
21883
18681
32243
32658
8267
26552
11001
6530
26872
4780
8751
32639
17588
25335
7302
26387
18450
16265
25761
17024
5505
1066
16265
3677
21196
6453
10300
21136
12774
20305
1926
5282
26885
27964
17844
24151
16531
4558
7302
31791
15036
12036
30159
17155
9664
13230
6965
30323
14099
24124
31967
18932
30406
7101
14121
9574
1453
18724
3638
13728
28372
21099
10194
8031
14057
11254
31283
28769
15870
19484
388
19573
21298
6218
28030
5580
25104
11387
6971
4673
10699
6358
18957
28504
18856
2697
24393
2038
30361
22541
6428
16338
19535
12633
26807
32051
31486
30543
4177
30308
18909
5507
6354
21359
29399
21536
19426
3471
22601
15824
25294
229
26263
1794
15173
25204
523
25414
11092
18747
25737
10229
31000
16277
30982
20554
26246
7462
25541
25327
23356
1646
29702
637
4631
25725
31300
12374
2417
12316
14374
6615
7805
29923
8758
13371
15984
31399
13666
30951
18743
31888
9516
7275
443
27238
7180
3362
20808
7354
11509
19274
15588
24246
15301
16766
28790
30562
25491
31532
10502
31750
13953
7137
3540
522
8303
188
27178
6225
18000
25237
20738
13524
9561
5120
19189
26204
30607
884
1196
25554
8565
16733
29800
5710
9697
29872
8692
25733
3302
761
30268
4593
16874
11474
14487
26268
26816
22681
27975
5721
30937
18006
27061
14997
13799
29405
19655
22825
20230
26244
14415
30233
982
2398
20794
1207
13575
8559
14754
29455
9552
19101
24320
11170
21193
18263
22082
11549
715
475
32279
16459
12377
31902
3985
19195
27925
7305
16515
31834
12686
8387
5937
15675
3720
24971
2504
22106
23146
5155
16527
9863
17072
506
26416
23576
19786
23562
15901
6831
3552
12926
11139
28736
14379
22449
19658
13587
14756
1942
19992
21313
1486
17779
13486
19016
28582
18178
10792
18563
24054
24522
5804
13416
19369
28773
7080
31490
26263
3670
1854
9467
13685
18553
22342
27676
23509
13214
939
31619
1131
20698
26203
15072
4111
7999
1576
29032
1898
5957
30934
30020
29146
20543
4541
12285
26792
15898
18054
21005
1066
1280
27299
19840
14258
19451
32241
12607
27486
1723
10372
8522
9080
30000
18033
17278
20906
9167
4403
31087
16646
17857
21196
1107
9097
9715
12098
18148
20826
15373
6769
7881
30685
8281
24602
27377
17453
16677
10768
19243
14549
27553
29545
16093
24530
3876
18058
17734
20259
15652
10920
9637
13494
24384
8651
15607
21816
1835
16225
21637
5837
2613
18974
18706
23312
9806
937
1258
26278
17694
1479
9103
13869
26875
31776
22992
16540
29650
10401
8279
1166
16967
1687
22411
15079
14416
11988
4799
24844
14753
5841
9567
14577
7800
4380
28996
22580
26567
24228
16382
4692
4113
6987
32040
7412
10742
4932
105
10152
21979
28278
11659
9394
19292
14125
16767
20804
7155
14871
2504
26714
10121
20623
32394
19513
32723
11801
10691
32656
3292
28439
28772
27026
10966
1527
17128
24911
25150
9205
22547
7213
2267
12470
20430
13870
14043
1956
22328
22045
18548
3597
8713
19148
20444
13230
7141
9563
17403
27160
32330
89
8113
19554
3525
13965
16720
13450
32251
5570
19464
17954
12804
17489
27379
8653
25151
22637
3646
26361
10764
19575
27192
14159
21199
29106
5129
32033
16972
24600
484
22641
6594
17167
13701
2293
15078
2433
12918
7975
25868
14215
17342
5876
5565
25977
17786
4385
15680
25753
12848
18301
14135
11197
17143
8681
2933
23368
12527
21579
19498
12090
21062
12722
18910
14247
57
22322
22731
11950
23655
12663
13083
29636
3467
24831
16759
11591
22301
24304
6506
17910
22698
12369
25195
7673
5245
26893
7250
32600
17488
12819
11065
1015
9445
25695
20173
13679
23985
14932
5820
22938
17797
30473
5917
9407
18086
5886
20779
5278
20404
2275
7733
29498
15489
3774
12745
18833
27481
19062
25707
20152
24945
1197
12567
5426
20184
31787
3591
9006
19792
4505
31293
25163
22576
2187
32448
5425
211
26447
18582
19745
22661
19531
3941
25682
2782
6029
27801
606
13936
10851
31947
18072
18925
2009
23245
3614
9083
10655
11386
20457
31059
3865
24552
11230
17944
11069
30248
4161
14354
25848
9513
24339
1841
28485
24828
25134
5217
10535
4296
25380
5618
402
18955
24628
13238
4883
4731
563
9382
18900
18825
6350
6477
17717
14795
58
693
29687
10690
23977
19616
22039
7874
30013
10416
31545
12549
369
29181
26332
19635
22639
2616
4322
16697
12642
29705
16621
19870
3684
26343
31530
14223
19806
9837
4191
9582
1364
27493
24619
22301
2245
31245
3723
160
22013
2182
23700
6322
28837
4168
8999
10570
27595
32764
15792
16676
20976
2506
2890
30478
27361
14173
6117
23274
5471
22035
18252
29491
15754
31161
11086
16005
19056
8492
6801
28754
27411
18941
10285
21327
14140
3911
15336
12918
4888
19681
31724
7086
25980
25463
18474
23824
4007
16869
31291
22828
1953
10533
28753
1692
10189
14226
30224
28479
26128
19617
14617
29790
30263
15149
17871
14192
23362
5364
24352
29697
16456
3813
13856
15685
10485
11627
7463
15215
12507
7317
19857
9891
22935
30199
28793
27036
15845
18795
15196
18159
17633
18316
30071
6802
1996
13912
6185
25550
1673
24250
19986
21714
23118
22190
31844
16084
29135
32449
21315
2877
3699
17343
28200
13197
15744
18944
32410
21519
31874
29060
20688
16818
26675
6519
31698
18257
16221
8337
17737
23411
10418
6314
4090
14907
8604
18618
21721
10383
26754
23385
23411
11119
13841
22379
931
8189
17882
4644
9712
31947
11795
1921
28358
25846
3257
1054
28217
14899
5422
13256
17075
16847
20805
11818
26569
32151
2446
565
10072
8510
11667
19899
2523
12912
32317
1653
12742
26561
25372
27212
32755
631
31199
21710
26503
9288
18206
12559
30990
17865
21955
9727
23091
10292
14193
31506
479
7686
28920
32541
31011
9096
4878
22874
19433
31219
387
28026
855
7430
13166
12368
12118
28157
10928
10918
11609
27134
20796
23644
21475
5598
24586
23085
1006
16921
20194
32225
30416
5049
13509
16731
24109
12220
14909
11859
29230
290
4882
14211
19556
25868
12875
3694
12645
8659
18061
8588
9131
23970
25654
22513
12342
31503
23488
27830
28653
28714
9387
4967
30420
9093
19243
18631
12986
3800
12013
8911
2382
10263
11536
9825
1631
4991
10652
1843
32567
5223
6048
22261
19016
30758
17084
28996
24714
23963
13045
9950
29415
24307
26627
27777
22593
23314
13821
20483
8695
14713
28758
19012
30610
21904
32209
29704
25826
29964
3126
976
10107
15205
4755
6882
12260
23237
28532
28270
21473
6392
442
3268
29760
22791
14476
19720
3667
16912
23137
20384
15097
3489
3538
30331
15107
3837
11869
10506
29725
29183
20691
8908
11634
23424
21364
11646
20453
5888
14521
20213
26597
3588
32232
12065
20179
13027
9710
19119
19625
6893
5414
14345
8220
24072
3565
31136
14484
21387
29072
997
29049
4890
25066
31996
12309
20697
3006
11170
19715
16550
3945
4972
22420
5004
28408
6715
19416
11089
32740
6201
32732
32239
13257
10135
18129
29206
18245
8734
4649
29193
26346
18648
8079
15295
16735
25101
3824
1771
20553
5642
2858
5933
14593
19484
6958
6581
32489
14097
24698
8119
29754
27033
24536
5588
16359
2727
13691
16503
3347
13506
18946
8737
29008
32293
30618
18192
13462
12360
2468
10244
27049
12260
25657
10629
8709
12952
14820
18032
3501
1095
29328
2403
3094
11916
5474
32691
6323
25269
13578
25016
19744
10423
11459
4033
2692
12019
449
25731
7749
1383
30040
16017
31569
8169
6915
13541
24827
22488
31205
32303
25527
22354
31148
19855
1714
25273
7952
5721
26419
3825
18720
31445
4191
8992
25158
15007
25340
12500
29501
27688
2703
32170
24494
25520
3422
20793
14199
8925
773
697
4971
29842
28786
4133
14301
19928
30970
14372
31217
3186
15758
24371
27230
24746
849
25657
13347
14247
1837
22446
11476
28025
21604
5969
30669
29636
3348
15112
13086
20407
13469
23158
9036
6410
4606
26561
1865
6099
30481
23269
10097
5066
25496
26340
21823
28918
24241
24512
4998
27330
13703
29716
10551
31909
22526
5739
31820
3369
8155
2005
20315
6682
26644
19075
13519
21378
11553
8086
20618
16741
7569
23269
14507
11190
22230
21916
6453
17780
26643
28294
22679
22363
29062
27186
8651
17856
3953
31426
13047
16260
7577
20119
17818
10520
1095
7503
25912
25347
31614
11307
32314
19227
30429
32506
3582
20846
26695
21005
10323
9507
22087
31389
8744
19081
6570
1419
2636
19554
31933
4989
15210
29477
13383
21131
25836
5534
22038
26863
30039
21834
17226
30486
6882
12173
3861
23610
12463
1547
31716
2142
31608
20537
27350
14240
17028
13588
26089
19090
1759
30838
16279
4262
8720
30582
9868
22909
29578
1854
8577
14921
19442
10855
368
1744
31794
21385
2923
29865
11319
11377
22490
720
16986
28496
10257
10303
6417
24055
18673
1345
17107
26286
25924
8751
32739
27410
15049
3159
19152
31363
27648
17806
14586
22880
19607
2253
6184
4259
1539
29407
12887
12850
4973
4169
32137
21686
18163
13592
24317
219
177
8233
6879
30251
12859
5821
28842
26414
15587
7337
21444
14101
7890
14996
30242
4015
1778
7855
12597
12839
29784
4810
25423
2172
18902
20529
32018
21058
14968
29245
20308
18687
6087
20707
13501
13562
17814
9118
31481
13665
4715
19614
25253
2905
15394
12910
30533
31597
22406
28780
1454
15050
22232
18872
11382
16013
18806
10343
19481
15821
1955
1250
23380
3940
3738
21608
17950
2423
6276
17224
26785
28799
16929
25422
18204
9478
2214
355
23592
31501
23390
7519
247
6314
29585
25565
25704
10916
10436
6436
17598
24659
16705
18986
17579
32631
6202
23452
8743
25717
5163
20938
30319
9145
4202
17730
17821
32515
28698
22960
28090
31291
31042
11354
3785
29486
3900
25973
10493
20910
13510
30982
18144
28571
18354
9923
29227
12198
624
9619
11482
25129
13092
17005
20553
7675
1649
12309
2695
29689
11132
7130
23260
18723
30595
1172
11811
17996
28542
2223
16124
20536
14966
19868
3089
21576
32736
8600
10362
7956
31217
24406
10954
27397
26724
8077
9625
11925
4231
23516
27360
19217
1016
15916
28743
26369
17571
1562
14838
8337
16168
7515
1173
2900
23606
9848
17619
20695
2820
24088
10412
31559
17380
29370
14780
1199
9136
5498
18861
10964
31201
22054
5859
16680
23224
3026
21041
21751
19958
31883
21078
26258
11750
7247
24841
28840
19443
25383
29163
19855
13682
32183
18515
2720
12759
27760
29763
5952
16210
23541
29236
753
25270
22578
22528
9978
8798
7131
27487
31845
2865
28940
929
2995
13158
5003
22719
1281
16006
6069
18284
18995
10292
12128
7006
4829
18339
20942
19352
9315
3129
16125
11630
25717
5582
18735
19148
23377
21951
10499
13591
8429
27725
32403
16372
22324
24403
27438
15461
14089
25464
12172
26916
28126
19149
4329
30853
6722
6449
9976
5327
28700
24968
1278
26694
6504
8118
2490
12616
18643
25616
11481
14331
28489
41
23094
17594
18181
16877
26361
14797
5264
15700
5376
30950
7878
32117
26349
4366
23960
31734
1075
31531
6714
5105
4431
31305
4454
32399
13251
5697
20365
25425
7328
32452
9002
25646
21739
15873
23239
3194
28996
25138
25187
4813
2502
31576
801
14294
31932
17320
31286
6561
21696
11737
16154
2927
19186
10834
12139
20276
6428
20972
2929
29716
8192
15854
29376
29071
5777
25332
22073
29495
16040
23028
16761
17976
22486
24964
25325
21413
13455
23792
23727
3137
21600
15283
1251
10002
22688
14172
6419
2576
18940
7699
15954
13719
286
3563
27778
27700
9389
9889
21052
10646
695
25269
5605
4000
2538
13986
2737
15172
13697
25686
300
8140
25342
28436
12229
19901
25811
11160
16565
2259
32168
16197
29356
17544
29695
15766
25420
28288
25294
25455
13326
15002
698
20234
21144
7879
19859
4722
13175
29477
14089
20869
7022
12256
27786
12959
12566
29558
31110
6725
19914
26390
30620
28278
16606
25629
31818
8217
4079
18893
24774
14191
12563
31978
14662
22629
4623
17239
10716
26430
15369
16459
18736
10534
19660
11703
9276
3179
30415
24356
28254
1036
23976
29094
2239
30899
19798
2006
6035
857
29885
19249
21897
28117
29263
31520
15260
12817
21717
15572
12991
23399
27349
26711
22883
17047
464
21432
2981
16412
12814
28096
4177
29307
1754
9335
20441
23873
2639
32606
9993
4350
21255
9529
31798
30090
27262
11158
16826
19726
31531
30175
12662
23162
20472
31043
17104
2005
26724
19540
29535
5447
10858
28848
3002
14213
19824
11657
23426
31591
30430
12048
25939
30672
18427
30660
4490
12605
16436
16584
19372
9782
21854
17988
16619
22995
1773
21350
31766
15315
25198
18159
6288
15032
22736
32256
31821
29135
32177
15843
21541
28214
28231
6612
20629
7916
28919
2752
29869
14097
23773
1771
31157
12820
4027
26957
29602
25426
18162
30663
18913
30020
31068
20781
5114
13642
14446
26320
6469
13465
1258
16286
18504
4934
11513
24449
23998
570
25381
24844
13115
10141
24641
31581
17014
2597
16548
4517
16489
23765
27498
21943
13494
15410
20488
2965
1278
32689
29304
17109
747
26843
24246
14734
26645
32467
10351
11873
2047
11531
22214
5923
17908
18626
3465
26869
19706
22256
18106
10131
24811
9316
22655
21226
12732
31039
17532
29662
16855
26020
20281
29583
28817
3290
23481
9005
493
17180
12703
31770
11667
23956
24305
18318
29951
11882
29008
31533
1847
30835
31845
8359
2631
28586
21970
30789
11575
20454
23450
13565
32130
2949
2473
24466
2543
20623
31917
30645
18767
8877
12426
24003
19578
5882
12672
9699
681
30544
30382
14946
10777
1263
11477
29540
30018
1770
3263
853
30539
14674
26574
19177
16756
26886
16617
12119
13997
23442
1814
257
13723
10263
9139
2596
30083
2190
20160
28923
11859
5525
5232
31924
24688
32528
4922
26493
5087
22380
16617
11931
28784
3312
13309
31349
23028
25639
32513
15586
27966
18884
11915
31264
32309
30401
11787
11489
3373
18533
2883
12249
2100
12260
18570
9096
3693
19623
14079
20092
946
19889
17657
27367
475
9575
14408
19575
25582
16591
6591
788
29853
4353
4090
5216
23352
24715
6281
3555
25779
32496
25380
2842
8102
29703
10570
23967
4417
30587
32292
19072
15102
17957
1015
27157
10884
25650
17264
16391
19032
7708
7581
23935
1466
5148
28551
13351
15912
31293
32520
3719
3821
9390
21604
9458
12321
5217
18958
7428
3937
20242
22500
28017
27457
11727
9204
8623
12318
15670
31839
863
1122
4624
3273
9275
17104
10510
13036
80
16109
30292
10871
5313
10447
32059
20630
19191
22227
24929
17933
15606
27139
9061
28849
9802
874
23740
176
16562
14679
8835
25781
21512
12566
24131
24293
11541
970
32223
32015
14613
13377
18006
26346
23931
26000
5925
8020
7810
14975
4131
18400
32730
27072
30813
29596
21292
11903
14977
9364
14299
10769
7431
25929
20269
19001
16397
18369
9012
20437
29112
5861
19101
13214
31635
13195
8347
21492
3471
23189
3246
12285
22667
14312
4199
11021
13303
21057
864
23225
19459
6192
19202
17484
3253
29198
9149
31885
16285
2451
17784
7740
17732
5476
8753
551
7250
27581
6804
14399
3144
7975
1245
2424
18162
29737
28092
30688
22276
28745
30552
20719
13700
7291
29188
11532
15227
17795
26016
6801
21737
18612
31116
8857
17726
1681
27444
22701
26433
4832
27304
5832
16760
26089
29699
12366
2178
15624
3682
31155
915
29422
5032
11261
12682
31418
32730
24177
28794
3903
16050
13800
13364
4983
1760
2367
17825
1731
13360
32149
5940
32071
31452
11375
31978
13637
30607
32329
9880
28062
20536
14146
2622
13895
11599
24320
8189
29969
29894
7931
17420
9114
8584
7187
23575
12350
29898
15222
3491
1806
29223
10759
28618
30108
6529
11164
14954
14453
22135
17808
17138
24252
11186
21567
18235
9303
8740
17713
16082
31825
31961
24480
22381
3465
18284
12252
25920
7844
30340
3225
15262
22773
6572
17821
7051
2359
11150
6979
5435
29654
5806
5985
8568
5659
30533
9782
17406
852
17461
13606
6762
26360
32131
18313
12216
10023
11415
5956
19658
10850
22251
7840
29357
31407
10253
15808
18589
4230
27187
26889
3860
16526
25575
6743
7100
29596
14288
2171
28695
18044
18452
18130
14362
32633
1105
3830
1922
9813
20035
15052
27891
2182
16162
5433
28967
30840
23356
29266
5040
15958
9217
31130
4278
29816
6086
26909
17829
464
14258
14840
6474
3679
7429
31562
28451
16120
21209
17194
21018
30374
18693
6054
19562
26720
18282
20360
8154
32349
19263
24040
18657
30531
8135
2647
2654
29351
25603
13640
24454
2870
24126
4228
380
10064
14716
8673
5044
20349
22609
27958
8586
18105
25790
15621
19216
25072
4819
31600
15065
14195
134
11378
7209
26034
23320
15408
16854
27119
29030
14613
23462
4636
7462
22548
10889
17428
7447
29966
3567
32425
13016
17310
23181
14877
7489
19011
21025
5916
23685
30818
17928
28735
23226
3384
8083
14668
32373
32253
12531
16625
20814
8474
3433
15072
2841
24164
17529
6287
8579
22182
30542
16357
10956
3048
21390
23122
1516
8175
24756
1178
27185
29817
25408
17559
20549
274
25645
30565
25368
5713
26687
13089
27273
30097
23961
11810
23210
6161
10512
6704
1612
1436
1267
16756
22741
23754
1056
5976
21760
14941
23587
9375
6684
23168
9901
20646
27390
29339
29137
28740
23705
24552
19462
16908
60
7091
11698
12159
25555
26579
3916
29297
4439
15236
8577
26878
9162
30088
21506
8524
16528
451
26179
24502
17443
11946
14283
3909
12252
13482
17207
10229
3551
23658
31310
16045
30351
21634
17427
3473
32752
16895
4031
7681
6343
27696
26311
29141
12555
1440
28268
18898
10315
8716
7596
19378
27370
32375
28209
28762
26695
12035
8347
31836
18057
9592
9617
284
6277
30616
14996
2542
10133
26720
5450
28345
831
16730
16830
22047
19592
18937
9634
27930
25806
28138
25176
17419
22493
15697
14239
30634
1398
23662
23048
7159
17356
12128
1221
30080
20146
13416
14000
96
28280
21687
25776
32194
4276
18914
21892
27385
22358
11254
20544
19712
24768
5298
27886
15153
19975
1667
20942
31804
7638
8766
23197
13137
18582
15360
17266
16405
21681
32662
3334
25169
30823
23896
3652
27169
15545
28674
14058
30173
11986
4161
21165
9861
13502
1036
26911
6761
7066
24086
19413
27202
18441
31260
25562
6978
15271
1934
15089
19830
9196
9181
9709
18784
6723
21517
17829
7932
31033
14270
17959
27098
17602
31112
2873
9260
27494
16015
18533
15361
11301
1344
32647
11687
24144
2245
24958
19539
3146
10566
26560
5169
30841
6238
28020
6979
5002
28481
23442
32153
31142
18664
17055
12284
28798
8664
5943
20984
17592
14639
24160
13924
15488
10202
4677
11537
28954
1926
15941
21708
18553
16472
2496
21863
11809
17018
6819
7546
3184
12591
8987
4798
10576
2697
18512
12274
28642
190
23342
29119
22117
9899
27339
23962
23732
20874
25173
1577
15988
781
1768
3330
21059
22851
31768
21644
3257
27930
25574
13841
22239
2532
30598
21761
23529
17227
7915
686
15843
19281
430
32068
16191
31136
6919
13745
9366
10164
25748
2366
32631
4789
26573
4125
5372
2534
31290
21705
1823
17227
14698
2094
16012
13951
5694
7542
25466
7965
30205
3665
17441
11594
32382
15399
85
6113
1344
24091
4080
32364
1358
3731
29454
20991
23482
26317
28445
30421
30827
662
27945
20284
17728
16410
5310
26898
21158
25261
31143
952
31867
6807
25213
16257
1843
19096
181
8501
20399
14693
29112
14937
27419
1023
1712
18611
14395
20051
26448
22504
26717
29391
11684
4303
21945
13011
836
9518
15495
5638
6798
14257
5212
194
5808
